39th St;1176,350;1144,325;1016,224;887,121;759,19
40th St;725,61;854,166;983,267;1109,369;1185,428
41th St;1188,500;1077,410;948,309;820,206;692,104;565,5
42th St;786,254;914,354;1043,455;1171,557
43th St;1136,599;1008,498;880,394;751,295
44th St;328,28;460,130;589,236;718,337;846,439;974,542;1102,643
45th St;1161,760;1069,687;940,583;812,481;684,380;555,279;427,175;295,70;213,5
46th St;157,32;261,115;394,219;522,321;650,423;778,525;907,627;1034,730;1117,794
47th St;1001,772;872,669;743,567;615,466;489,363;360,264;227,157;123,76
48th St;90,117;193,201;325,306;453,408;582,509;709,612;838,714
49th St;807,757;676,653;549,553;420,450;291,347;158,244;56,162
50th St;22,205;127,288;258,393;386,494;516,596;641,699;770,797
51th St;671,790;608,741;480,638;351,536;223,433;92,331;7,263
52th St;57,373;189,479;317,579;446,682;574,783
53th St;498,790;414,724;282,622;156,520;23,417
54th St;17,480;123,563;250,664;377,769
55th St;315,787;215,708;87,606;11,545
56th St;4,608;54,650;184,752;236,794
57th St;148,793;20,693
Vigo Street;759,19;725,61;692,104
4th Ave;328,28;295,70;261,115;227,157;193,201;158,244;127,288;92,331;57,373;23,417
5th Ave;565,5;526,47;494,91;460,130;427,175;394,219;360,264;325,306;291,347;258,393;223,433;189,479;156,520;123,563;87,606;54,650;20,693
6th Ave;148,793;184,752;215,708;250,664;282,622;317,579;351,536;386,494;420,450;453,408;489,363;522,321;555,279;589,236
7th Ave;887,121;854,166;820,206;786,254;751,295;718,337;684,380;650,423;615,466;582,509;549,553;516,596;480,638;446,682;414,724;377,769
8th Ave;1016,224;983,267;948,309;914,354;880,394;846,439;812,481;778,525;743,567;709,612;676,653;641,699;608,741;574,783
9th Ave;1144,325;1109,369;1077,410;1043,455;1008,498;974,542;940,583;907,627;872,669;838,714;807,757;770,797

